values
X1-Скорость:60 80 100 120
X2-Расстояние:300 500 700 900
X3-Вес:50 100 150 200
Y-Время:100 400 600
coefs
A11-Высокая:0.2 0.5 0.8 1
A12-Большое:0 0.3 0.7 1
A13-Лёгкий:1 0.8 0.5 0.2
A21-Низкая:1 0.8 0.6 0.3
A22-Маленькое:1 0.8 0.4 0.2
A23-Тяжёлый:0.2 0.5 0.8 1
A31-Средняя:0.5 0.7 0.9 0.6
A32-Среднее:0.3 0.6 0.8 0.9
A33-Средний:0.5 0.7 0.9 0.6
A41-Высокая:0.2 0.5 0.8 1
A42-Среднее:0.3 0.6 0.8 0.9
A43-Тяжёлый:0.2 0.5 0.8 1
A51-Низкая:1 0.8 0.6 0.3
A52-Большое:0 0.3 0.7 1
A53-Лёгкий:1 0.8 0.5 0.2
A61-Средняя:0.5 0.7 0.9 0.6
A62-Большое:0 0.3 0.7 1
A63-Средний:0.5 0.7 0.9 0.6
A71-Низкая:1 0.8 0.6 0.3
A72-Среднее:0.3 0.6 0.8 0.9
A73-Лёгкий:1 0.8 0.5 0.2
B1-Короткое:1 0.7 0.3
B2-Долгое:0.2 0.5 1
B3-Среднее:0.4 0.8 0.6
B4-Среднее:0.4 0.8 0.6
B5-Долгое:0.2 0.5 1
B6-Среднее:0.4 0.8 0.6
B7-Среднее:0.4 0.8 0.6